11111111
10000001
11111111
00000000
00000100
00000010
11111111
00000000
10000001
00000000
00000100
00000010
11111111
00000000
00001111
00001001
11111111
00000000
10000001
00000000
00001111
00001001
11111111
00000000
10001111
10001001
11111001
00000000

11111111
10000001
11111111
00000000
00000100
00000010
11111111
00000000
10000001
00000000
00000100
00000010
11111111
00000000
00001111
00001001
11111111
00000000
10000001
00000000
00001111
00001001
11111111
00000000
11111111
10001000
11111000
00000000

11111111
10000001
11111111
00000000
00000100
00000010
11111111
00000000
10000001
00000000
00000100
00000010
11111111
00000000
00001111
00001001
11111111
00000000
10000001
00000000
00001111
00001001
11111111
00000000
00000001
00000001
11111111
00000000

11111111
10000001
11111111
00000000
00000100
00000010
11111111
00000000
10000001
00000000
00000100
00000010
11111111
00000000
00001111
00001001
11111111
00000000
10000001
00000000
00001111
00001001
11111111
00000000
11111111
10001001
11111111
00000000

11111111
10000001
11111111
00000000
00000100
00000010
11111111
00000000
10000001
00000000
00000100
00000010
11111111
00000000
00001111
00001001
11111111
00000000
10000001
00000000
00001111
00001001
11111111
00000000
00001111
00001001
11111111
00000000

11111111
10000001
11111111
00000000
00000100
00000010
11111111
00000000
10000001
00000000
00000100
00000010
11111111
00000000
00001111
00001001
11111111
00000000
10000001
00000000
10001111
10001001
11111001
00000000
11111111
10000001
11111111
00000000

11111111
10000001
11111111
00000000
00000100
00000010
11111111
00000000
10000001
00000000
00000100
00000010
11111111
00000000
00001111
00001001
11111111
00000000
10000001
00000000
10001111
10001001
11111001
00000000
11111001
10001001
10001111
00000000
2969 278180142 
5104 21927 
2760 278187330 
2969 4531 
2969 278194048 
4063 4427 
9375 278188840 
2709 4062 
5261 278187642 
8177 4062 
3959 -721817879 
9531 4479 
3490 -721803192 
3906 0 
0 0 
0 0 
0 0 
0 0 
0 0 
0 0 
0 0 
0 0 
0 0 
0 0 
